504 masters to measure

  25/504
  50/504
  75/504
  100/504
  125/504
  150/504
  175/504
  200/504
  225/504
  250/504
  275/504
  300/504
  325/504
  350/504
  375/504
  400/504
  425/504
  450/504
  475/504
  500/504

measured 504, 0 unreadable

=== Measured neutral target vs the curve in the code ===
     Hz  measured    +/-1sd   _REF_DB    diff
     40      4.94      6.92      0.00   +4.94
     50      8.27      5.02      2.50   +5.77
     63      8.93      2.72      3.50   +5.43
     80      7.98      2.96      4.00   +3.98
    100      7.58      3.01      4.00   +3.58
    125      7.45      3.18      3.50   +3.95
    160      6.32      2.91      3.00   +3.32
    200      4.76      2.88      2.50   +2.26
    250      2.48      2.72      2.00   +0.48
    315      0.77      2.79      1.50   -0.73
    400      0.00      2.14      1.00   -1.00
    500      0.00      2.04      0.50   -0.50
    630      0.07      1.77      0.00   +0.07
    800     -1.53      2.00     -0.50   -1.03
   1000     -1.52      1.76     -1.00   -0.52
   1250     -1.31      2.05     -1.50   +0.19
   1600     -0.45      2.08     -2.00   +1.55
   2000      0.00      2.74     -2.50   +2.50
   2500      0.37      2.90     -3.00   +3.37
   3150      0.67      2.88     -3.50   +4.17
   4000      1.21      3.60     -4.00   +5.21
   5000      0.89      3.15     -5.30   +6.19
   6300     -0.38      3.29     -6.80   +6.42
   8000     -0.02      3.23     -8.50   +8.48
  10000     -1.35      3.35    -10.50   +9.15
  12500     -5.61      3.28    -13.00   +7.39
  16000    -13.39      4.06    -17.00   +3.61
  20000    -25.41     10.11    -23.00   -2.41

=== What the EQ setting moves (Medium intensity) ===
     Hz   Warmer     Warm   Bright Brighter
    100    -2.35    -0.86    -0.20     0.68
    125    -0.06     0.12    -0.64    -0.62
    160    -3.11    -2.35    -0.67    -1.26
    200    -1.36     0.01    -0.58    -1.17
    250    -2.88    -0.91    -0.79     0.30
    315     0.06     0.43     0.08    -1.30
    400     1.09     1.46     1.07     1.07
    500    -2.50     0.55     0.58     3.02
    630     0.00     0.00     0.27     0.11
    800     0.40     0.96     0.31     1.32
   1000     1.31     1.17     0.89     0.35
   1250     1.09    -0.24    -0.58    -1.43
   1600     0.19    -0.97    -0.08    -0.52
   2000    -0.39    -0.91    -1.11    -0.87
   2500    -1.42    -1.34    -1.35    -1.95
   3150    -4.22    -2.13    -1.82    -1.54
   4000    -6.40    -1.51    -1.56     0.58
   5000    -7.45    -1.61    -0.20     2.18
   6300    -9.34    -3.29    -0.71     3.52
   8000   -10.37    -3.24     0.02     4.68
  10000    -8.20    -2.44     1.65     3.18
  12500   -10.31    -2.44     1.21     2.13
  16000   -12.59    -3.83     1.48    -1.30

=== Level by intensity ===
cell                  n     LUFS  true peak
HighBright           15    -8.76       1.26
HighNeutral          55    -9.02       0.76
HighWarm             47    -9.43       0.38
HighWarmer           12    -9.52       0.13
LowBright            16   -12.64       0.14
LowBrighter          16   -13.31      -0.12
LowNeutral           26   -12.95      -0.04
LowWarm              13   -13.35      -0.38
LowWarmer            12   -13.30      -0.35
MediumBright         73   -10.41       0.73
MediumBrighter       10   -11.06       0.77
MediumNeutral       122   -11.15       0.35
MediumWarm           73   -11.27       0.17
MediumWarmer         10   -11.18      -0.44

wrote D:\MusicVault\Tools\Shimmer\docs\tone-reference.json
